[1.         //rnd

0.925      1.1375     1.225      0.95       0.9375
 1.55       0.8125     0.9625     0.8875     0.6875     0.7625
 0.7        1.2        0.9        0.8625     1.025      0.625
 0.8875     1.1375     0.7375     1.0125     1.1875     0.7375
 0.7875     0.8        1.0375     1.2125     1.2        1.15
 0.8375     0.7875     0.75       0.9875     0.6625     0.9875
 0.9125     1.275      0.7125     0.95       1.25       0.65
 1.05       1.55       0.85       1.3        0.7125     0.725
 0.8125     0.7        1.075      1.7125     0.9        0.875
 0.7625     1.025      0.7625     1.0625     1.0375     0.625
 1.1        0.975      0.9875     1.45       0.825      1.425
 0.9375     0.75       1.1625     0.675      0.6125     1.2375
 1.0625     1.7875     1.0125     1.15       1.7625     0.6625
 0.575      1.0375     1.125      1.1375     1.6        1.0875
 0.725      1.2        1.1625     1.05       1.025      0.7625
 0.8        1.5125     1.4625     0.725      0.975      1.3
 1.0875     1.         0.8375     0.875      0.9        //pfreq

 0.46409225
 0.6085532  1.1609334  0.96409494 1.737196   2.8146048  3.0643792
 1.2216513  1.5186313  1.3276399  1.8437729  1.8567089  1.0292342
 2.1576917  2.128593   0.94248223 0.8883024  2.228571   1.2247351
 3.1965098  1.5341685  0.89041936 1.590426   1.8233678  1.7579689
 3.8054924  1.9998232  1.4838881  3.4440687  0.41804767 3.2388191
 0.8984774  3.262535   3.7383313  1.801384   2.4827638  2.109325
 2.156688   1.8965068  2.0463824  3.0069027  1.3996792  1.1871231
 2.0192134  1.7117603  2.091078   2.4802856  0.7834004  1.8331711
 1.4009588  2.2764604  1.6613773  0.914178   1.8283013  1.6686125
 1.2581925  0.52190316 3.035421   1.3390305  2.3237681  3.4856257
 0.5266108  1.5776386  2.3824337  4.267817   3.4496505  1.5317597
 1.556402   2.0010846  0.8349423  1.9945917  0.5031416  1.1684421
 0.80373675 0.6566018  0.6142813  0.9810507  1.0200653  1.3667662
 3.2871532  2.061092   1.212549   1.0862422  2.044683   2.5322354
 1.5640751  1.9316261  2.3177185  1.9701886  1.9539092  1.9329698
 1.5946225  4.1458526  2.6746202  2.8482766  3.8349802  2.0316894
 0.71239257 0.8585129  1.3679014  1.4704506  2.202641   1.4127475
 1.6666751  1.8504035  1.3135984  1.0199814  2.5173693  0.6947067
 4.3934164  1.2049582  1.481088   3.285297   1.516595   2.280674
 3.2315962  1.3862834  1.2591984  1.228906   2.7603846  2.8137074
 1.5077895  3.334474   2.2526004  0.86604756 0.4274916  1.18023
 0.42688656 1.5979756  4.6403847  1.6891536  1.9251301  3.1677198
 1.6441368  1.4446065  2.9486294  2.4669702  1.9184971  1.9569143
 1.1373866  2.3359911  1.3028238  2.1911368  3.0978618  2.6546566
 1.7318242  2.0677025  0.94462055 2.2513752  0.48747006 0.873281
 0.63030505 0.6404545  1.5507593  0.7525505  0.8338965  1.7009542
 2.2296     0.96958673 2.990755   2.2149942  2.931597   1.1788766
 0.7146425  1.5669707  1.9014999  1.4910834  1.719511   2.8369112
 0.4514162  3.1841002  3.2301857  0.9560015  2.7378573  1.0297487
 3.7839983  1.2624047  1.3529515  1.848604   1.4162858  2.2664
 0.65708035 1.6696439  1.0452834  1.8499724  1.393847   1.8677132
 3.5583186  2.0103657  3.1134996  2.9379652  3.4312773  2.3440528
 3.7477746  4.598793   1.2969059  1.5392582  1.007509   0.82563174
 2.853982   1.9953727  0.97416604 4.232331   1.8015422  1.6105919
 2.672393   1.7043716  1.5331361  0.37914953 2.5817144  1.2625525
 0.5070711  1.0899259  1.9967272  2.1220093  1.2949729  1.6465973
 1.8420451  1.6538452  1.3411723  2.9146972  2.751025   3.6834025
 2.1976337  1.1777468  1.6440128  1.5626607  2.9218752  2.2959132
 0.28720888 1.404808   1.3750844  1.7420537  1.1399552  1.5910784
 1.6325117  1.1261005  3.4294775  0.7667426  1.8499973  3.2119203
 2.527119   2.0308084  0.592338   3.622922   1.5957513  3.1761703
 3.399499   1.5877222  4.436079   1.5955504  1.6451472  2.8021927
 1.3287151  1.3364167  2.0560436  2.0817409  0.9850249  1.3114631
 0.92081517 0.712399   1.4176993  1.3133962  3.4800177  2.314359
 0.63741475 0.9244322  1.6199696  1.5908008  1.5049812  2.0819674
 2.257999   1.7487034  2.2361917  1.631575   0.7762493  1.8388046
 1.345302   1.1817013  1.719536   2.3954015  1.8493482  1.3890585
 2.024981   1.2425525  2.9241686  1.4985678  2.1289032  2.3197007
 3.0940695  1.1123079  1.8921742  1.6011465  0.986663   3.079288
 4.223674   2.7541246  2.0932105  0.43770966 1.8457862  //loss hist
 
 0.9548734
 0.9629214  0.97368217 0.95781153 0.9597836  0.9718163  0.95913696
 0.95295256 0.952181   0.94657195 0.95825404 0.9407032  0.9829687
 0.9494008  0.9588519  0.98773444 0.9504802  0.9535323  0.9916688
 0.94931245 0.9536851  0.9607211  0.95871735 0.9601967  0.97437876
 0.95477176 0.94759905 0.9694361  0.96775466 0.95803064 0.9589715
 0.9568017  0.9374687  0.9571362  0.94212896 0.9485429  0.96423924
 0.94720167 0.9473893  0.9587616  0.95483345 0.9682388  0.98992574
 0.9672606  0.9707441  0.9436841  0.947456   0.9591411  0.95853275
 0.97493637 0.99149954 0.9668007  0.94595224 0.95849985 0.96333253
 0.96809506 0.9704005  0.9314775  0.9431398  0.95150876 0.9659686
 0.95367855 0.9651288  0.9593882  0.9595236  0.9502319  0.964134
 0.95968187 0.95111823 0.93734366 0.9810704  0.96882004 0.96571773
 0.9629947  0.95894283 0.9790754  0.95808786 0.9485966  0.9628031
 0.9745061  0.95657957 0.9815742  0.961154   0.96149033 0.972886
 0.9644038  0.94468606 0.96393627 0.9560131  0.9477741  0.9776903
 0.9609287  0.9649959  0.94958085 0.9747544  0.96943015 0.9560986
 0.96384495 0.9419129  0.9569643  //msp
 
 1.192      0.512      0.928
 0.672      1.96       0.524      0.746      1.45       1.032
 2.098      1.24       1.554      1.426      1.12       0.944
 0.458      1.004      1.07       1.242      1.124      0.28
 0.44       1.018      1.362      1.514      0.282      0.382
 0.54       1.894      1.016      1.338      1.214      0.632
 1.888      1.106      0.724      0.65       0.818      0.642
 0.59       2.316      1.05       0.202      0.91       0.754
 1.23       1.794      1.188      1.286      0.632      1.026
 1.638      0.586      1.716      1.29       1.166      0.766
 1.124      1.076      0.164      1.132      1.006      0.834
 1.548      0.738      0.76       1.1        0.476      1.01
 1.246      0.934      1.14       0.508      0.514      1.128
 0.31       1.17       0.95       0.664      0.996      1.098
 1.116      1.24       0.988      1.006      0.51       1.74
 1.152      1.514      1.02       0.718      0.124      0.312
 0.438      1.15       1.014      0.586      0.916      0.932
 1.222      //data size
 
 0.         0.         0.         0.         0.
 0.         0.         0.         0.         0.         0.
 0.         0.         0.         0.         0.         0.
 0.         0.         0.         0.         0.         0.
 0.         0.         0.         0.         0.         0.
 0.         0.         0.         0.         0.         0.
 0.         0.         0.         0.         0.         0.
 0.         0.         0.         0.         0.         0.
 0.         0.         0.         0.         0.         0.
 0.         0.         0.         0.         0.         0.
 0.         0.         0.         0.         0.         0.
 0.         0.         0.         0.         0.         0.
 0.         0.         0.         0.         0.         0.
 0.         0.         0.         0.         0.         0.
 0.         0.         0.         0.         0.         0.
 0.         0.         0.         0.         0.         0.
 0.         0.         0.         0.         0.        ] //kld

 # 1라운드
 현재 상태: [0.00125 0.      0.      0.      0.      0.      0.      0.      0.
 0.      0.      0.      0.      0.      0.      0.      0.      0.
 0.      0.      0.      0.      0.      0.      0.      0.      0.
 0.      0.      0.      0.      0.      0.      0.      0.      0.
 0.      0.      0.      0.      0.      0.      0.      0.      0.
 0.      0.      0.      0.      0.      0.      0.      0.      0.
 0.      0.      0.      0.      0.      0.      0.      0.      0.
 0.      0.      0.      0.      0.      0.      0.      0.      0.
 0.      0.      0.      0.      0.      0.      0.      0.      0.
 0.      0.      0.      0.      0.      0.      0.      0.      0.
 0.      0.      0.      0.      0.      0.      0.      0.      0.
 0.      0.      0.      0.      0.      0.      0.      0.      0.
 0.      0.      0.      0.      0.      0.      0.      0.      0.
 0.      0.      0.      0.      0.      0.      0.      0.      0.
 0.      0.      0.      0.      0.      0.      0.      0.      0.
 0.      0.      0.      0.      0.      0.      0.      0.      0.
 0.      0.      0.      0.      0.      0.      0.      0.      0.
 0.      0.      0.      0.      0.      0.      0.      0.      0.
 0.      0.      0.      0.      0.      0.      0.      0.      0.
 0.      0.      0.      0.      0.      0.      0.      0.      0.
 0.      0.      0.      0.      0.      0.      0.      0.      0.
 0.      0.      0.      0.      0.      0.      0.      0.      0.
 0.      0.      0.      0.      0.      0.      0.      0.      0.
 0.      0.      0.      0.      0.      0.      0.      0.      0.
 0.      0.      0.      0.      0.      0.      0.      0.      0.
 0.      0.      0.      0.      0.      0.      0.      0.      0.
 0.      0.      0.      0.      0.      0.      0.      0.      0.
 0.      0.      0.      0.      0.      0.      0.      0.      0.
 0.      0.      0.      0.      0.      0.      0.      0.      0.
 0.      0.      0.      0.      0.      0.      0.      0.      0.
 0.      0.      0.      0.      0.      0.      0.      0.      0.
 0.      0.      0.      0.      0.      0.      0.      0.      0.
 0.      0.      0.      0.      0.      0.      0.      0.      0.
 0.      0.      0.      0.      0.      0.      0.      0.      0.
 0.      0.      0.      0.      0.      0.      0.      0.      0.
 0.      0.      0.      0.      0.      0.      0.      0.      0.
 0.      0.      0.      0.      0.      0.      0.      0.      0.
 0.      0.      0.      0.      0.      0.      0.      0.      0.
 0.      0.      0.      0.      0.      0.      0.      0.      0.
 0.      0.      0.      0.      0.      0.      0.      0.      0.
 0.      0.      0.      0.      0.      0.      0.      0.      0.
 0.      0.      0.      0.      0.      0.      0.      0.      0.
 0.      0.      0.      0.      0.      0.      0.      0.      0.
 0.      0.      0.      0.      0.      0.      0.      0.      0.
 0.      0.      0.      0.      0.      0.8     0.8     0.8     0.8
 0.8     0.8     0.8     0.8     0.8     0.8     0.8     0.8     0.8
 0.8     0.8     0.8     0.8     0.8     0.8     0.8     0.8     0.8
 0.8     0.8     0.8     0.8     0.8     0.8     0.8     0.8     0.8
 0.8     0.8     0.8     0.8     0.8     0.8     0.8     0.8     0.8
 0.8     0.8     0.8     0.8     0.8     0.8     0.8     0.8     0.8
 0.8     0.8     0.8     0.8     0.8     0.8     0.8     0.8     0.8
 0.8     0.8     0.8     0.8     0.8     0.8     0.8     0.8     0.8
 0.8     0.8     0.8     0.8     0.8     0.8     0.8     0.8     0.8
 0.8     0.8     0.8     0.8     0.8     0.8     0.8     0.8     0.8
 0.8     0.8     0.8     0.8     0.8     0.8     0.8     0.8     0.8
 0.8     0.8     0.8     0.8     0.8     0.8     0.      0.      0.
 0.      0.      0.      0.      0.      0.      0.      0.      0.
 0.      0.      0.      0.      0.      0.      0.      0.      0.
 0.      0.      0.      0.      0.      0.      0.      0.      0.
 0.      0.      0.      0.      0.      0.      0.      0.      0.
 0.      0.      0.      0.      0.      0.      0.      0.      0.
 0.      0.      0.      0.      0.      0.      0.      0.      0.
 0.      0.      0.      0.      0.      0.      0.      0.      0.
 0.      0.      0.      0.      0.      0.      0.      0.      0.
 0.      0.      0.      0.      0.      0.      0.      0.      0.
 0.      0.      0.      0.      0.      0.      0.      0.      0.
 0.      0.      0.      0.      0.      0.      0.      0.      0.
 0.      0.      0.      0.      0.      0.      0.      0.      0.
 0.      0.      0.      0.      0.      0.      0.      0.      0.
 0.      0.      0.      0.      0.      0.      0.      0.      0.
 0.      0.      0.      0.      0.      0.      0.      0.      0.
 0.      0.      0.      0.      0.      0.      0.      0.      0.
 0.      0.      0.      0.      0.      0.      0.      0.      0.
 0.      0.      0.      0.      0.      0.      0.      0.      0.
 0.      0.      0.      0.      0.      0.      0.      0.      0.
 0.      0.      0.      0.      0.      0.      0.      0.      0.
 0.      0.      0.      0.      0.      0.      0.      0.      0.
 0.      0.      0.      0.      0.      0.      0.      0.     ]

 #